[gas_ccgt new]
name = gas_ccgt new
group = GAS
unitcount = 4
nominalcapacity = 250.000000
min-stable-power = 88.000000
min-up-time = 2
min-down-time = 2
co2 = 0.353800
marginal-cost = 44.416000
startup-cost = 19371.390000
market-bid-cost = 44.416000

[gas_ccgt old 2]
name = gas_ccgt old 2
group = GAS
unitcount = 2
nominalcapacity = 150.000000
min-stable-power = 52.000000
min-up-time = 3
min-down-time = 3
co2 = 0.427500
marginal-cost = 53.336000
startup-cost = 14324.334000
market-bid-cost = 53.336000

[hard coal_new]
name = hard coal_new
group = HARD COAL
unitcount = 1
nominalcapacity = 500.000000
min-stable-power = 215.000000
min-up-time = 5
min-down-time = 5
co2 = 0.735700
marginal-cost = 46.561000
startup-cost = 70895.200000
market-bid-cost = 46.561000

[hard coal_old 2]
name = hard coal_old 2
group = HARD COAL
unitcount = 1
nominalcapacity = 200.000000
min-stable-power = 86.000000
min-up-time = 6
min-down-time = 6
co2 = 0.846000
marginal-cost = 53.050000
startup-cost = 29924.080000
market-bid-cost = 53.050000

