[gas_ccgt new]
name = gas_ccgt new
group = GAS
unitcount = 6
nominalcapacity = 100.000000
min-stable-power = 35.000000
min-up-time = 2
min-down-time = 2
co2 = 0.353800
marginal-cost = 44.416000
startup-cost = 7748.556000
market-bid-cost = 44.416000

[gas_ccgt old 2]
name = gas_ccgt old 2
group = GAS
unitcount = 1
nominalcapacity = 100.000000
min-stable-power = 35.000000
min-up-time = 3
min-down-time = 3
co2 = 0.427500
marginal-cost = 53.336000
startup-cost = 9549.556000
market-bid-cost = 53.336000

