[lignite_new]
name = lignite_new
group = LIGNITE
unitcount = 4
nominalcapacity = 323.000000
min-stable-power = 139.000000
min-up-time = 8
min-down-time = 8
co2 = 0.790400
marginal-cost = 38.230000
startup-cost = 39639.954000
market-bid-cost = 38.230000

[lignite_old 1]
name = lignite_old 1
group = LIGNITE
unitcount = 6
nominalcapacity = 207.000000
min-stable-power = 89.000000
min-up-time = 11
min-down-time = 11
co2 = 1.038900
marginal-cost = 49.208000
startup-cost = 31081.091000
market-bid-cost = 49.208000

