[lignite_new]
name = lignite_new
group = LIGNITE
unitcount = 1
nominalcapacity = 250.000000
min-stable-power = 108.000000
min-up-time = 8
min-down-time = 8
co2 = 0.790400
marginal-cost = 38.230000
startup-cost = 30657.350000
market-bid-cost = 38.230000

[lignite_old 2]
name = lignite_old 2
group = LIGNITE
unitcount = 1
nominalcapacity = 200.000000
min-stable-power = 86.000000
min-up-time = 9
min-down-time = 9
co2 = 0.909000
marginal-cost = 43.470000
startup-cost = 26091.880000
market-bid-cost = 43.470000

